15 18
1 1 5
2 2 6
3 3 6
4 3 7
5 4 13
6 5 6
7 6 8
8 6 9
9 6 10
10 8 11
11 8 13
12 9 13
13 10 13
14 7 13
15 11 12
16 13 14
17 12 14
18 14 15
1 7
	0 87 15 180
	1 97 13 209
	2 97 20 175
	3 94 24 158
	4 95 26 150
	5 96 28 143
	6 94 18 178
2 6
	7 80 38 314
	8 85 34 357
	9 82 46 284
	10 98 57 307
	11 88 53 280
	12 98 30 422
3 4
	13 87 19 86
	14 84 16 95
	15 84 11 118
	16 97 9 143
4 6
	17 87 10 128
	18 99 7 153
	19 96 14 123
	20 99 19 103
	21 91 11 128
	22 97 9 147
5 4
	23 87 27 243
	24 96 38 221
	25 95 19 298
	26 86 16 282
6 5
	27 98 48 418
	28 99 35 480
	29 96 39 458
	30 82 52 339
	31 99 57 396
7 7
	32 84 50 379
	33 86 32 466
	34 88 36 443
	35 80 46 383
	36 98 69 369
	37 91 64 365
	38 83 27 476
8 7
	39 95 20 195
	40 94 30 151
	41 82 22 160
	42 90 16 203
	43 80 24 147
	44 87 18 195
	45 82 12 205
9 4
	46 95 44 493
	47 98 34 562
	48 81 49 419
	49 93 29 557
10 5
	50 93 50 251
	51 93 30 332
	52 84 20 349
	53 95 27 359
	54 85 33 298
11 6
	55 90 39 429
	56 88 35 434
	57 98 57 381
	58 89 53 376
	59 97 48 416
	60 93 26 500
12 8
	61 96 21 410
	62 83 35 298
	63 94 43 309
	64 80 25 338
	65 89 28 352
	66 99 50 298
	67 87 32 338
	68 83 53 240
13 8
	69 81 14 123
	70 91 10 153
	71 94 13 144
	72 81 18 101
	73 84 11 137
	74 84 17 111
	75 81 15 112
	76 84 21 94
14 5
	77 89 30 161
	78 92 21 200
	79 93 13 238
	80 96 28 187
	81 97 19 220
15 4
	82 91 8 134
	83 85 15 100
	84 94 17 100
	85 90 16 100
50 270 0
1
1 1 1 1 1 1 1 1 1 1 1 1 1 1 1
