15 14
1 1 2
2 3 4
3 5 6
4 7 8
5 2 9
6 4 9
7 6 9
8 8 9
9 9 10
10 9 11
11 9 12
12 10 13
13 11 14
14 12 15
1 5
	0 99 14 150
	1 88 11 144
	2 89 10 151
	3 84 16 119
	4 91 8 157
2 4
	5 82 16 280
	6 87 36 216
	7 84 19 266
	8 89 38 205
3 6
	9 87 48 292
	10 81 25 359
	11 84 44 281
	12 92 55 274
	13 86 40 311
	14 82 29 340
4 4
	15 96 29 460
	16 97 54 363
	17 91 63 312
	18 98 46 401
5 4
	19 82 30 351
	20 87 41 316
	21 82 38 320
	22 84 26 377
6 5
	23 88 12 220
	24 99 21 216
	25 93 31 159
	26 83 29 142
	27 90 14 216
7 4
	28 93 60 389
	29 92 46 431
	30 80 70 295
	31 90 37 459
8 8
	32 84 12 182
	33 80 11 184
	34 82 20 147
	35 85 18 164
	36 81 25 121
	37 93 22 157
	38 89 24 142
	39 96 14 199
9 5
	40 80 37 225
	41 90 30 278
	42 93 18 349
	43 97 21 349
	44 93 24 318
10 7
	45 99 12 147
	46 97 14 144
	47 86 15 118
	48 93 10 151
	49 94 21 107
	50 98 18 129
	51 96 17 129
11 5
	52 81 21 137
	53 92 12 190
	54 90 18 168
	55 82 10 186
	56 87 25 135
12 4
	57 85 25 368
	58 85 21 383
	59 88 47 284
	60 96 29 394
13 6
	61 97 24 244
	62 80 32 170
	63 82 22 219
	64 83 27 197
	65 87 14 256
	66 84 17 236
14 5
	67 81 15 74
	68 81 8 97
	69 82 11 84
	70 86 9 98
	71 83 7 105
15 4
	72 84 74 317
	73 93 34 540
	74 97 64 436
	75 83 59 372
50 220 0
2