32 58
1 1 2
2 1 3
3 1 4
4 2 11
5 2 24
6 2 25
7 3 7
8 3 8
9 3 9
10 4 5
11 4 6
12 4 16
13 5 18
14 6 20
15 7 10
16 7 16
17 8 15
18 8 22
19 9 12
20 9 20
21 10 13
22 10 21
23 10 29
24 11 14
25 11 27
26 12 24
27 12 25
28 12 30
29 13 14
30 13 17
31 13 22
32 14 19
33 14 26
34 15 17
35 15 18
36 16 17
37 17 31
38 18 19
39 18 21
40 18 27
41 19 23
42 19 31
43 20 27
44 20 28
45 21 26
46 22 23
47 22 24
48 22 26
49 23 30
50 24 28
51 25 29
52 26 28
53 26 30
54 27 29
55 28 31
56 29 32
57 30 32
58 31 32
1 6
	0 98 56 389
	1 80 25 432
	2 96 43 415
	3 88 30 432
	4 91 47 393
	5 85 51 350
2 8
	6 88 38 267
	7 94 35 302
	8 93 48 244
	9 84 25 296
	10 84 45 222
	11 89 32 299
	12 80 22 299
	13 90 19 350
3 6
	14 80 12 192
	15 88 20 182
	16 87 14 202
	17 96 26 176
	18 98 24 184
	19 88 18 190
4 6
	20 84 27 377
	21 99 39 400
	22 83 55 279
	23 80 47 294
	24 87 58 275
	25 88 43 338
5 8
	26 94 7 112
	27 86 15 72
	28 81 14 72
	29 89 12 84
	30 89 8 104
	31 82 11 81
	32 84 10 89
	33 97 13 91
6 8
	34 83 36 183
	35 81 25 211
	36 95 28 245
	37 86 20 253
	38 94 30 229
	39 98 33 222
	40 94 38 198
	41 96 15 299
7 4
	42 95 32 210
	43 97 37 200
	44 86 35 187
	45 81 15 248
8 4
	46 83 22 310
	47 97 29 343
	48 82 42 242
	49 99 19 376
9 7
	50 86 33 336
	51 95 25 403
	52 92 22 403
	53 92 55 270
	54 99 37 370
	55 98 29 407
	56 94 51 296
10 6
	57 86 15 153
	58 99 18 163
	59 97 10 188
	60 96 23 133
	61 81 25 108
	62 99 21 148
11 7
	63 86 44 331
	64 90 32 400
	65 99 28 461
	66 96 24 465
	67 88 60 279
	68 82 40 339
	69 88 52 315
12 6
	70 88 34 208
	71 80 39 161
	72 84 15 274
	73 83 29 213
	74 92 31 232
	75 84 21 250
13 5
	76 97 9 148
	77 92 17 112
	78 82 20 83
	79 85 8 139
	80 85 12 123
14 6
	81 91 25 175
	82 93 21 202
	83 93 31 160
	84 98 12 249
	85 97 14 230
	86 86 23 179
15 7
	87 96 50 293
	88 95 39 333
	89 81 43 264
	90 86 29 355
	91 90 36 330
	92 83 54 239
	93 89 32 341
16 8
	94 82 48 304
	95 89 52 325
	96 84 28 406
	97 88 40 373
	98 89 32 398
	99 94 44 369
	100 80 24 406
	101 82 60 268
17 4
	102 95 11 134
	103 80 19 80
	104 98 18 112
	105 81 16 91
18 6
	106 99 24 170
	107 85 13 187
	108 97 15 206
	109 86 20 155
	110 81 17 166
	111 82 18 161
19 7
	112 86 42 255
	113 89 35 287
	114 82 19 320
	115 91 49 245
	116 96 45 268
	117 96 39 294
	118 91 29 320
20 8
	119 83 22 318
	120 98 41 276
	121 93 35 295
	122 91 19 350
	123 87 38 257
	124 95 25 331
	125 85 28 289
	126 99 48 260
21 8
	127 84 72 317
	128 97 28 558
	129 84 43 443
	130 90 67 366
	131 89 48 447
	132 87 57 380
	133 94 38 505
	134 86 62 356
22 7
	135 98 34 463
	136 83 43 375
	137 84 56 332
	138 91 52 375
	139 97 61 371
	140 86 26 454
	141 92 48 402
23 8
	142 97 27 179
	143 80 12 210
	144 91 29 158
	145 82 14 202
	146 85 31 136
	147 82 21 181
	148 90 16 210
	149 99 25 191
24 8
	150 94 18 244
	151 83 14 242
	152 91 16 246
	153 95 23 228
	154 80 30 166
	155 99 25 232
	156 92 32 183
	157 81 35 150
25 6
	158 86 65 306
	159 89 34 424
	160 81 56 319
	161 99 26 511
	162 88 30 437
	163 85 48 358
26 6
	164 90 58 270
	165 87 27 398
	166 88 30 371
	167 92 38 371
	168 99 50 351
	169 91 46 324
27 5
	170 80 32 195
	171 95 24 264
	172 88 40 192
	173 88 29 229
	174 99 34 235
28 4
	175 96 17 330
	176 96 25 293
	177 83 31 224
	178 99 36 258
29 5
	179 91 32 299
	180 95 25 341
	181 90 38 264
	182 95 35 305
	183 87 45 238
30 6
	184 92 53 291
	185 90 22 409
	186 87 41 322
	187 85 45 306
	188 98 56 295
	189 89 34 352
31 8
	190 93 27 222
	191 86 37 167
	192 95 20 257
	193 92 30 220
	194 82 17 245
	195 99 22 257
	196 91 32 197
	197 98 25 255
32 4
	198 80 36 250
	199 88 46 240
	200 98 39 306
	201 85 42 253
50 365 0
2