61 90
1 1 2
2 1 3
3 1 4
4 2 5
5 2 10
6 2 15
7 3 7
8 3 14
9 3 29
10 4 8
11 4 12
12 4 16
13 5 6
14 5 22
15 5 24
16 6 17
17 6 38
18 7 23
19 8 9
20 8 20
21 8 40
22 9 13
23 9 35
24 10 11
25 10 45
26 11 26
27 11 37
28 11 44
29 12 21
30 12 27
31 13 18
32 14 18
33 14 19
34 14 34
35 15 25
36 15 59
37 16 55
38 16 58
39 17 32
40 17 43
41 18 28
42 18 33
43 19 28
44 20 27
45 20 31
46 21 39
47 22 31
48 23 51
49 24 48
50 25 40
51 26 49
52 26 54
53 27 30
54 27 51
55 28 47
56 28 61
57 29 41
58 29 57
59 30 56
60 31 43
61 32 57
62 33 39
63 34 44
64 35 36
65 35 39
66 36 42
67 37 58
68 38 50
69 38 60
70 39 53
71 40 53
72 41 46
73 42 48
74 43 51
75 43 58
76 44 50
77 45 53
78 46 56
79 47 52
80 48 55
81 49 60
82 50 61
83 51 60
84 52 54
85 53 56
86 54 55
87 55 57
88 56 61
89 57 59
90 58 59
1 8
	0 81 39 241
	1 85 48 218
	2 91 42 257
	3 94 26 335
	4 90 22 342
	5 97 35 306
	6 82 45 224
	7 85 32 286
2 8
	8 98 49 330
	9 83 56 254
	10 88 34 360
	11 95 41 353
	12 93 53 292
	13 85 30 368
	14 85 22 391
	15 95 45 334
3 7
	16 91 20 310
	17 92 41 238
	18 85 26 274
	19 81 44 190
	20 81 32 229
	21 87 38 226
	22 80 35 214
4 7
	23 83 51 326
	24 87 30 430
	25 97 38 451
	26 89 60 331
	27 81 55 313
	28 91 34 434
	29 93 64 322
5 8
	30 97 20 148
	31 98 16 165
	32 98 10 195
	33 95 21 145
	34 92 25 123
	35 90 18 143
	36 83 23 117
	37 89 15 158
6 4
	38 97 39 212
	39 84 15 274
	40 81 18 252
	41 97 29 252
7 6
	42 85 26 177
	43 93 19 221
	44 82 24 179
	45 91 21 201
	46 96 15 245
	47 93 28 177
8 5
	48 93 25 474
	49 81 58 285
	50 88 42 378
	51 85 63 285
	52 83 54 302
9 7
	53 86 22 278
	54 93 19 303
	55 82 39 195
	56 81 28 238
	57 97 17 320
	58 91 31 252
	59 81 36 195
10 7
	60 83 10 177
	61 84 13 165
	62 83 24 116
	63 85 15 154
	64 83 22 128
	65 84 19 146
	66 87 12 177
11 6
	67 92 18 277
	68 81 16 267
	69 82 34 192
	70 92 21 275
	71 93 37 211
	72 92 32 227
12 5
	73 99 37 199
	74 87 30 204
	75 97 20 267
	76 81 32 174
	77 98 25 250
13 8
	78 93 30 249
	79 86 16 286
	80 98 39 241
	81 91 25 275
	82 81 42 174
	83 85 36 207
	84 90 22 280
	85 84 19 275
14 4
	86 91 29 431
	87 85 33 402
	88 89 37 390
	89 88 45 361
15 5
	90 97 43 436
	91 98 34 471
	92 83 52 331
	93 86 56 331
	94 81 26 432
16 5
	95 90 59 414
	96 80 64 335
	97 82 44 434
	98 94 34 533
	99 96 39 528
17 5
	100 87 11 165
	101 92 20 129
	102 91 16 150
	103 91 19 134
	104 85 9 161
18 8
	105 82 33 387
	106 86 62 274
	107 81 45 328
	108 81 29 387
	109 81 58 279
	110 98 49 374
	111 83 37 362
	112 96 41 408
19 5
	113 90 43 305
	114 92 32 344
	115 93 28 369
	116 87 35 326
	117 94 25 387
20 5
	118 88 16 117
	119 97 19 114
	120 90 15 124
	121 81 21 90
	122 86 18 110
21 6
	123 96 41 468
	124 96 45 454
	125 92 64 358
	126 92 32 491
	127 88 36 445
	128 93 68 348
22 6
	129 83 26 188
	130 86 33 166
	131 83 21 211
	132 94 30 199
	133 93 28 202
	134 86 16 240
23 7
	135 81 50 267
	136 81 23 386
	137 87 54 290
	138 95 34 394
	139 96 38 375
	140 95 27 421
	141 86 58 263
24 5
	142 99 18 182
	143 88 12 180
	144 86 23 140
	145 94 10 206
	146 95 19 171
25 5
	147 98 8 138
	148 83 7 121
	149 96 11 127
	150 91 15 96
	151 97 9 130
26 5
	152 98 27 321
	153 86 24 293
	154 93 30 296
	155 92 33 272
	156 95 42 241
27 8
	157 80 17 94
	158 97 16 123
	159 80 20 85
	160 89 8 147
	161 82 12 120
	162 94 10 143
	163 89 14 114
	164 96 18 110
28 6
	165 88 22 325
	166 81 18 306
	167 99 31 318
	168 91 41 258
	169 91 28 306
	170 80 44 214
29 4
	171 92 19 245
	172 80 34 166
	173 84 14 245
	174 92 24 227
30 8
	175 97 18 362
	176 94 31 302
	177 95 34 299
	178 94 28 309
	179 81 47 198
	180 92 22 340
	181 97 40 274
	182 91 37 268
31 8
	183 95 23 301
	184 88 17 313
	185 88 38 234
	186 83 26 263
	187 96 20 321
	188 99 40 245
	189 98 35 275
	190 93 29 280
32 7
	191 94 41 336
	192 87 37 325
	193 80 56 224
	194 85 52 257
	195 88 44 298
	196 87 48 295
	197 89 33 347
33 8
	198 86 33 259
	199 82 42 213
	200 80 39 207
	201 94 30 286
	202 85 27 277
	203 87 36 240
	204 98 21 335
	205 93 45 234
34 5
	206 96 27 431
	207 99 23 466
	208 95 39 388
	209 93 31 411
	210 96 47 348
35 4
	211 97 12 190
	212 85 24 127
	213 84 26 113
	214 92 21 147
36 5
	215 83 19 93
	216 83 13 117
	217 99 20 110
	218 88 17 110
	219 82 8 140
37 8
	220 89 38 350
	221 91 57 282
	222 93 53 293
	223 80 41 293
	224 86 30 369
	225 89 49 293
	226 87 26 377
	227 99 22 442
38 8
	228 94 30 394
	229 86 45 307
	230 83 49 280
	231 82 34 326
	232 81 56 239
	233 83 53 254
	234 88 41 330
	235 94 22 421
39 6
	236 93 23 170
	237 84 21 166
	238 97 11 225
	239 98 17 207
	240 91 19 180
	241 80 27 132
40 7
	242 84 16 159
	243 97 27 142
	244 84 12 177
	245 94 25 141
	246 88 19 155
	247 97 23 159
	248 95 18 175
41 6
	249 97 20 173
	250 92 24 154
	251 90 18 175
	252 94 27 141
	253 99 26 156
	254 99 13 208
42 4
	255 93 55 306
	256 85 47 318
	257 99 39 394
	258 97 23 449
43 6
	259 80 15 212
	260 92 29 189
	261 94 13 253
	262 86 24 192
	263 95 22 216
	264 85 27 180
44 7
	265 96 13 183
	266 88 25 118
	267 90 10 181
	268 83 18 142
	269 91 22 137
	270 82 15 154
	271 80 24 111
45 6
	272 80 29 209
	273 94 24 265
	274 92 32 235
	275 92 18 286
	276 86 37 195
	277 83 21 246
46 6
	278 82 44 439
	279 85 64 384
	280 88 29 528
	281 89 39 484
	282 97 34 553
	283 95 49 479
47 4
	284 83 25 244
	285 89 16 298
	286 80 42 171
	287 95 39 224
48 8
	288 80 16 220
	289 87 25 199
	290 99 35 192
	291 98 32 197
	292 95 14 265
	293 88 23 216
	294 90 18 234
	295 85 30 176
49 4
	296 87 44 272
	297 88 51 238
	298 99 24 386
	299 94 34 324
50 8
	300 85 37 449
	301 99 70 387
	302 85 28 482
	303 92 33 501
	304 81 56 364
	305 93 66 368
	306 90 47 430
	307 88 52 411
51 4
	308 82 69 290
	309 86 55 364
	310 90 64 350
	311 94 50 429
52 5
	312 89 46 425
	313 92 37 476
	314 91 28 504
	315 98 51 444
	316 83 42 406
53 4
	317 99 12 138
	318 82 18 94
	319 88 10 130
	320 94 9 143
54 7
	321 80 13 112
	322 92 11 137
	323 84 9 133
	324 93 19 108
	325 90 8 147
	326 93 16 121
	327 83 12 119
55 8
	328 99 10 165
	329 92 11 149
	330 83 14 122
	331 81 8 143
	332 88 21 100
	333 87 13 138
	334 94 17 127
	335 82 18 103
56 5
	336 87 39 346
	337 98 27 446
	338 84 55 283
	339 92 47 338
	340 89 31 398
57 6
	341 92 37 405
	342 89 49 334
	343 96 24 467
	344 83 45 339
	345 95 57 326
	346 92 53 330
58 4
	347 87 21 125
	348 83 14 148
	349 85 11 160
	350 96 19 146
59 6
	351 96 21 244
	352 96 28 209
	353 94 16 256
	354 83 30 173
	355 87 23 216
	356 84 35 156
60 6
	357 93 13 147
	358 82 19 106
	359 80 22 92
	360 90 8 161
	361 83 17 117
	362 85 11 141
61 7
	363 99 16 191
	364 93 22 165
	365 81 11 180
	366 89 24 142
	367 83 12 181
	368 99 25 154
	369 99 27 150
50 370 0
2