61 90
1 1 2
2 1 3
3 1 4
4 2 7
5 2 29
6 3 5
7 3 6
8 3 12
9 4 27
10 4 49
11 5 8
12 5 23
13 5 28
14 6 9
15 6 11
16 6 13
17 7 31
18 8 15
19 8 16
20 8 18
21 9 10
22 9 22
23 9 36
24 10 17
25 11 14
26 12 33
27 12 50
28 13 19
29 13 59
30 14 20
31 14 37
32 15 35
33 16 21
34 16 24
35 17 47
36 18 26
37 18 48
38 19 27
39 20 30
40 20 60
41 21 25
42 21 34
43 21 58
44 22 61
45 23 32
46 24 42
47 25 35
48 26 39
49 27 31
50 27 33
51 28 46
52 29 44
53 30 32
54 30 38
55 30 43
56 31 45
57 32 40
58 32 41
59 32 44
60 33 57
61 33 58
62 34 39
63 34 47
64 34 56
65 35 45
66 36 44
67 37 55
68 38 54
69 39 42
70 40 52
71 41 58
72 42 53
73 43 51
74 44 53
75 45 60
76 46 50
77 47 50
78 47 53
79 48 59
80 49 52
81 50 54
82 51 55
83 52 55
84 53 54
85 54 59
86 55 57
87 56 57
88 56 60
89 57 61
90 58 61
1 4
	0 82 48 273
	1 91 52 280
	2 84 22 389
	3 81 56 235
2 6
	4 95 33 212
	5 94 28 230
	6 93 30 225
	7 82 15 260
	8 98 20 281
	9 96 25 255
3 8
	10 82 37 318
	11 92 26 389
	12 98 56 292
	13 98 22 442
	14 81 33 322
	15 95 48 322
	16 88 29 359
	17 84 41 307
4 5
	18 95 15 290
	19 85 36 184
	20 86 38 171
	21 93 31 228
	22 80 18 244
5 8
	23 90 34 356
	24 99 22 440
	25 89 45 311
	26 93 53 292
	27 86 41 314
	28 82 49 269
	29 81 56 238
	30 84 26 364
6 8
	31 95 27 437
	32 92 23 445
	33 85 39 345
	34 82 31 369
	35 90 35 385
	36 97 43 369
	37 81 51 278
	38 90 55 310
7 5
	39 82 27 148
	40 97 31 171
	41 86 14 208
	42 92 23 195
	43 85 21 186
8 5
	44 80 28 183
	45 94 26 216
	46 80 33 156
	47 91 14 257
	48 93 21 243
9 8
	49 80 54 265
	50 94 46 351
	51 91 31 386
	52 82 39 332
	53 84 23 390
	54 87 50 296
	55 92 27 406
	56 86 42 328
10 5
	57 94 19 359
	58 83 48 208
	59 86 35 269
	60 84 22 308
	61 91 38 272
11 4
	62 89 42 259
	63 86 23 331
	64 97 32 318
	65 88 36 289
12 6
	66 85 23 180
	67 90 26 187
	68 80 17 196
	69 92 28 176
	70 83 21 189
	71 96 15 235
13 6
	72 98 16 162
	73 80 24 106
	74 97 11 182
	75 89 9 179
	76 87 19 131
	77 91 18 147
14 6
	78 97 33 525
	79 83 71 320
	80 88 38 458
	81 99 47 482
	82 99 57 449
	83 89 43 454
15 4
	84 93 13 252
	85 97 33 180
	86 95 20 225
	87 99 29 205
16 7
	88 81 11 108
	89 96 17 99
	90 94 16 101
	91 83 14 96
	92 95 9 127
	93 98 7 146
	94 85 13 104
17 4
	95 97 33 522
	96 85 71 323
	97 94 52 432
	98 86 28 499
18 8
	99 81 32 274
	100 98 22 358
	101 82 29 283
	102 98 39 293
	103 82 26 303
	104 88 48 231
	105 90 42 267
	106 89 35 287
19 7
	107 84 35 173
	108 94 37 190
	109 81 30 188
	110 90 20 253
	111 93 17 271
	112 81 15 246
	113 86 32 185
20 5
	114 93 31 222
	115 83 23 224
	116 95 20 266
	117 93 28 230
	118 87 38 180
21 5
	119 90 30 282
	120 91 46 230
	121 94 18 350
	122 81 43 209
	123 98 27 316
22 7
	124 89 15 70
	125 92 12 85
	126 96 11 97
	127 84 7 100
	128 93 9 98
	129 89 13 78
	130 89 10 94
23 6
	131 90 60 375
	132 85 42 417
	133 85 51 398
	134 83 65 314
	135 81 56 356
	136 86 32 468
24 5
	137 98 67 407
	138 83 47 417
	139 99 28 571
	140 88 57 398
	141 99 52 470
25 4
	142 97 42 496
	143 97 66 395
	144 89 57 395
	145 82 71 314
26 4
	146 87 22 172
	147 99 18 213
	148 97 16 224
	149 93 24 182
27 8
	150 93 11 114
	151 90 12 102
	152 88 15 90
	153 84 17 78
	154 98 10 120
	155 81 14 90
	156 84 7 120
	157 94 8 124
28 7
	158 83 64 357
	159 85 74 327
	160 94 69 387
	161 88 54 427
	162 99 49 496
	163 82 44 447
	164 88 34 496
29 4
	165 98 25 176
	166 97 23 182
	167 85 27 137
	168 82 15 182
30 6
	169 82 58 313
	170 87 62 335
	171 83 26 456
	172 89 40 425
	173 88 49 384
	174 98 35 478
31 8
	175 85 20 209
	176 81 16 223
	177 97 25 225
	178 85 27 178
	179 92 18 234
	180 93 23 225
	181 91 30 185
	182 90 34 162
32 8
	183 95 31 201
	184 89 21 225
	185 89 26 210
	186 97 19 254
	187 96 24 235
	188 92 16 259
	189 95 33 191
	190 96 29 222
33 6
	191 96 15 127
	192 94 20 103
	193 92 12 136
	194 96 19 115
	195 94 11 140
	196 84 17 101
34 5
	197 96 13 129
	198 86 11 121
	199 95 14 124
	200 96 10 139
	201 82 18 87
35 4
	202 91 54 290
	203 80 58 248
	204 80 46 282
	205 96 50 325
36 4
	206 82 19 278
	207 97 31 263
	208 85 39 195
	209 93 17 320
37 6
	210 86 63 291
	211 89 29 434
	212 92 42 405
	213 82 54 295
	214 80 33 371
	215 80 50 320
38 8
	216 82 52 283
	217 85 28 396
	218 84 56 287
	219 83 40 347
	220 86 32 388
	221 88 44 343
	222 83 48 319
	223 94 36 404
39 7
	224 96 13 208
	225 90 17 188
	226 86 15 181
	227 84 11 198
	228 97 26 156
	229 97 23 177
	230 88 19 173
40 6
	231 91 10 195
	232 90 17 164
	233 84 15 156
	234 95 26 140
	235 94 24 141
	236 84 21 134
41 5
	237 89 9 119
	238 95 8 128
	239 87 13 99
	240 93 16 91
	241 82 15 82
42 7
	242 97 32 508
	243 80 41 402
	244 96 64 369
	245 99 55 430
	246 86 60 342
	247 95 69 356
	248 90 27 499
43 4
	249 83 8 100
	250 89 16 77
	251 97 7 119
	252 98 9 110
44 5
	253 87 22 330
	254 90 26 334
	255 93 36 304
	256 82 39 252
	257 83 29 285
45 8
	258 82 23 133
	259 80 20 142
	260 82 14 170
	261 89 16 172
	262 95 25 148
	263 84 27 117
	264 83 12 181
	265 88 21 146
46 5
	266 87 20 298
	267 84 28 243
	268 97 37 254
	269 80 26 249
	270 91 34 252
47 5
	271 84 9 156
	272 89 18 126
	273 92 15 141
	274 88 19 114
	275 92 22 108
48 8
	276 84 18 321
	277 86 21 318
	278 97 24 330
	279 84 37 249
	280 81 40 218
	281 99 43 259
	282 93 28 309
	283 80 34 249
49 5
	284 80 49 356
	285 86 27 473
	286 81 40 392
	287 80 58 315
	288 99 36 500
50 6
	289 86 47 279
	290 97 21 421
	291 88 50 265
	292 92 29 374
	293 83 32 319
	294 84 25 352
51 5
	295 87 23 418
	296 97 43 368
	297 93 58 297
	298 99 31 426
	299 95 27 434
52 4
	300 96 33 526
	301 95 71 373
	302 90 67 368
	303 87 38 469
53 6
	304 80 9 95
	305 92 8 112
	306 92 12 93
	307 83 6 111
	308 92 16 82
	309 95 11 98
54 8
	310 82 37 188
	311 83 40 172
	312 95 32 239
	313 90 29 231
	314 97 26 266
	315 98 24 277
	316 95 16 307
	317 83 35 199
55 5
	318 86 8 99
	319 87 13 81
	320 81 14 66
	321 80 12 73
	322 91 6 113
56 6
	323 92 18 270
	324 86 28 221
	325 84 30 203
	326 90 23 252
	327 97 20 280
	328 95 33 213
57 5
	329 93 7 138
	330 94 18 94
	331 98 8 142
	332 96 15 112
	333 90 12 117
58 7
	334 98 21 343
	335 94 30 290
	336 97 46 247
	337 88 34 269
	338 93 27 312
	339 81 37 238
	340 83 43 216
59 8
	341 97 41 278
	342 99 48 262
	343 89 44 240
	344 83 38 240
	345 90 19 343
	346 83 22 311
	347 94 25 336
	348 85 32 282
60 4
	349 97 28 153
	350 92 21 170
	351 89 19 170
	352 83 15 174
61 5
	353 91 48 449
	354 89 43 459
	355 86 39 474
	356 97 68 400
	357 99 58 459
50 460 0
2