91 135
1 1 2
2 1 3
3 1 4
4 2 11
5 2 24
6 3 7
7 3 8
8 3 15
9 4 5
10 4 6
11 4 19
12 5 10
13 5 30
14 5 91
15 6 9
16 6 22
17 6 26
18 7 23
19 7 27
20 8 42
21 9 17
22 9 25
23 9 61
24 10 13
25 10 52
26 11 12
27 11 29
28 11 45
29 12 14
30 12 16
31 12 18
32 13 83
33 14 56
34 15 20
35 15 35
36 15 36
37 16 38
38 17 65
39 18 21
40 18 47
41 18 66
42 19 71
43 20 28
44 20 33
45 21 32
46 21 57
47 21 88
48 22 63
49 23 34
50 23 70
51 24 31
52 24 47
53 24 67
54 25 70
55 26 37
56 26 39
57 26 54
58 27 49
59 28 41
60 28 63
61 28 77
62 29 44
63 30 85
64 31 82
65 32 51
66 32 71
67 33 52
68 33 53
69 33 78
70 34 73
71 35 55
72 36 40
73 36 43
74 36 48
75 37 46
76 37 61
77 38 82
78 39 59
79 40 63
80 41 73
81 41 76
82 41 86
83 42 50
84 43 77
85 44 58
86 45 68
87 46 90
88 47 54
89 48 50
90 49 68
91 50 87
92 51 72
93 52 61
94 53 81
95 54 84
96 55 62
97 56 60
98 56 69
99 56 80
100 57 79
101 58 59
102 58 76
103 59 85
104 60 72
105 60 74
106 61 74
107 62 64
108 63 70
109 64 75
110 65 85
111 66 79
112 67 86
113 68 78
114 69 73
115 69 83
116 70 72
117 71 78
118 72 81
119 72 90
120 73 90
121 74 79
122 75 80
123 76 83
124 77 86
125 78 84
126 79 87
127 80 82
128 81 91
129 82 89
130 83 88
131 84 91
132 85 87
133 86 88
134 87 89
135 88 89
1 8
	0 82 23 400
	1 87 55 281
	2 81 39 337
	3 88 31 396
	4 98 59 309
	5 97 35 408
	6 84 43 333
	7 98 27 436
2 8
	8 99 18 192
	9 98 14 199
	10 84 13 179
	11 96 11 210
	12 95 26 151
	13 85 22 143
	14 80 27 117
	15 90 16 175
3 8
	16 88 27 398
	17 99 50 355
	18 86 23 402
	19 95 46 347
	20 94 54 320
	21 84 39 328
	22 93 31 398
	23 81 43 316
4 5
	24 85 15 82
	25 92 11 105
	26 97 17 89
	27 90 12 98
	28 90 7 119
5 4
	29 98 18 351
	30 85 24 296
	31 84 33 244
	32 91 45 220
6 4
	33 88 22 273
	34 84 36 214
	35 99 39 234
	36 96 33 248
7 7
	37 88 30 380
	38 94 34 380
	39 83 22 380
	40 96 41 353
	41 89 26 391
	42 98 53 315
	43 93 57 281
8 7
	44 93 19 370
	45 82 26 304
	46 82 29 290
	47 88 23 343
	48 95 36 300
	49 89 33 297
	50 93 49 247
9 6
	51 80 13 94
	52 82 14 94
	53 87 7 127
	54 98 10 127
	55 97 8 134
	56 94 18 92
10 6
	57 96 13 157
	58 89 15 140
	59 89 9 163
	60 90 20 126
	61 84 17 126
	62 95 18 134
11 7
	63 94 57 359
	64 87 43 395
	65 90 65 307
	66 97 61 364
	67 82 30 430
	68 97 26 500
	69 87 39 403
12 6
	70 95 17 331
	71 99 20 337
	72 85 32 248
	73 84 41 210
	74 94 38 248
	75 92 26 289
13 7
	76 87 43 295
	77 88 21 386
	78 88 54 262
	79 93 51 288
	80 92 36 342
	81 89 47 284
	82 95 25 394
14 7
	83 88 38 301
	84 90 20 377
	85 92 24 374
	86 89 34 311
	87 94 48 270
	88 86 45 270
	89 88 31 329
15 5
	90 84 20 129
	91 92 25 127
	92 97 10 196
	93 87 13 161
	94 97 15 169
16 5
	95 80 19 219
	96 97 16 267
	97 92 24 226
	98 82 21 210
	99 94 36 178
17 4
	100 92 26 249
	101 96 37 212
	102 83 21 249
	103 83 29 220
18 5
	104 94 9 144
	105 91 12 130
	106 81 15 106
	107 86 20 91
	108 99 13 139
19 4
	109 84 36 184
	110 90 31 220
	111 95 15 288
	112 81 18 249
20 6
	113 83 37 238
	114 97 21 347
	115 86 40 241
	116 80 30 254
	117 81 24 278
	118 84 18 309
21 7
	119 96 19 298
	120 93 22 287
	121 96 30 262
	122 80 16 276
	123 89 38 210
	124 87 24 262
	125 94 41 210
22 6
	126 81 18 115
	127 97 21 131
	128 98 20 134
	129 83 12 145
	130 87 14 143
	131 85 15 135
23 4
	132 92 38 481
	133 96 42 486
	134 83 57 362
	135 87 52 400
24 5
	136 87 36 173
	137 95 21 248
	138 83 34 170
	139 90 29 209
	140 87 14 253
25 4
	141 90 14 216
	142 89 21 195
	143 93 23 195
	144 82 18 186
26 7
	145 95 33 519
	146 81 52 366
	147 82 47 404
	148 80 38 423
	149 80 71 299
	150 92 57 419
	151 96 66 380
27 8
	152 97 44 295
	153 92 48 264
	154 83 20 340
	155 98 30 364
	156 82 27 323
	157 98 24 381
	158 83 51 223
	159 93 37 306
28 6
	160 98 16 166
	161 87 10 176
	162 83 18 141
	163 93 25 130
	164 89 22 134
	165 83 11 166
29 4
	166 90 25 201
	167 88 32 168
	168 80 28 175
	169 92 16 246
30 8
	170 89 39 473
	171 93 43 478
	172 98 34 552
	173 96 53 454
	174 83 73 307
	175 91 63 400
	176 89 58 395
	177 82 29 493
31 5
	178 94 32 278
	179 97 29 293
	180 89 44 206
	181 89 26 287
	182 95 17 341
32 5
	183 92 36 342
	184 84 32 331
	185 84 39 299
	186 94 25 385
	187 84 50 248
33 8
	188 99 13 106
	189 94 15 87
	190 92 6 125
	191 87 10 104
	192 80 14 78
	193 84 16 71
	194 92 12 103
	195 86 11 97
34 4
	196 89 42 298
	197 99 45 315
	198 91 24 365
	199 95 52 273
35 7
	200 89 6 108
	201 88 9 95
	202 97 11 94
	203 98 14 84
	204 92 12 85
	205 86 7 99
	206 95 13 85
36 6
	207 85 26 153
	208 93 28 163
	209 90 18 196
	210 99 20 210
	211 82 16 184
	212 92 14 214
37 6
	213 82 10 86
	214 99 15 86
	215 90 8 105
	216 97 6 122
	217 83 13 77
	218 97 12 95
38 5
	219 80 10 168
	220 89 17 161
	221 90 14 174
	222 90 22 144
	223 91 24 133
39 5
	224 90 14 207
	225 94 12 223
	226 99 30 163
	227 95 18 199
	228 94 22 185
40 4
	229 83 13 232
	230 89 25 204
	231 99 27 209
	232 86 18 225
41 6
	233 99 50 438
	234 91 59 374
	235 92 36 456
	236 83 27 466
	237 91 45 434
	238 96 54 415
42 7
	239 92 51 324
	240 96 39 380
	241 95 31 423
	242 87 55 281
	243 96 47 364
	244 84 27 391
	245 80 23 380
43 5
	246 95 34 456
	247 80 25 430
	248 93 38 417
	249 94 64 331
	250 83 30 408
44 5
	251 80 8 115
	252 97 9 129
	253 97 14 109
	254 81 7 120
	255 97 13 113
45 7
	256 82 30 196
	257 84 25 221
	258 83 15 259
	259 96 35 211
	260 91 38 180
	261 91 22 241
	262 97 28 241
46 5
	263 94 19 358
	264 95 38 285
	265 80 22 304
	266 85 44 227
	267 86 32 281
47 8
	268 86 9 97
	269 84 12 79
	270 84 10 89
	271 80 14 68
	272 88 13 82
	273 93 8 105
	274 94 7 111
	275 90 15 74
48 6
	276 89 7 104
	277 96 13 86
	278 91 10 96
	279 86 6 107
	280 96 14 82
	281 86 9 93
49 8
	282 96 32 328
	283 86 49 223
	284 91 19 351
	285 93 46 259
	286 90 23 335
	287 97 29 338
	288 93 26 341
	289 84 42 249
50 8
	290 98 18 222
	291 95 12 238
	292 88 23 176
	293 89 27 165
	294 94 20 201
	295 87 16 203
	296 80 25 150
	297 98 29 171
51 6
	298 83 37 372
	299 97 57 339
	300 83 41 351
	301 98 62 326
	302 83 53 297
	303 92 24 450
52 6
	304 96 24 213
	305 93 22 210
	306 88 15 235
	307 83 31 158
	308 84 27 176
	309 92 29 181
53 4
	310 96 33 334
	311 90 43 264
	312 82 36 264
	313 98 50 270
54 4
	314 90 25 450
	315 81 50 304
	316 90 29 429
	317 94 58 337
55 4
	318 92 56 307
	319 87 60 282
	320 94 28 440
	321 80 24 396
56 7
	322 82 8 141
	323 86 20 101
	324 98 10 161
	325 91 11 142
	326 96 18 120
	327 95 15 130
	328 90 21 102
57 6
	329 95 46 299
	330 91 54 270
	331 81 21 360
	332 86 50 267
	333 81 43 267
	334 98 39 353
58 8
	335 88 25 228
	336 80 20 230
	337 89 35 197
	338 94 38 194
	339 86 15 261
	340 88 33 197
	341 96 28 235
	342 87 23 238
59 5
	343 98 39 345
	344 98 24 399
	345 95 49 285
	346 87 35 324
	347 81 32 317
60 4
	348 80 43 207
	349 83 30 268
	350 81 34 250
	351 86 40 228
61 7
	352 93 17 125
	353 89 10 148
	354 94 13 147
	355 83 21 96
	356 96 8 164
	357 91 16 128
	358 83 11 132
62 6
	359 98 28 461
	360 84 32 384
	361 85 52 295
	362 98 56 339
	363 82 24 396
	364 86 36 372
63 5
	365 85 10 109
	366 92 14 104
	367 82 7 120
	368 89 12 108
	369 81 15 83
64 7
	370 91 10 190
	371 97 13 187
	372 84 24 123
	373 90 18 150
	374 81 22 121
	375 91 12 183
	376 85 20 132
65 8
	377 83 62 277
	378 96 41 401
	379 96 37 418
	380 99 33 455
	381 97 45 389
	382 87 28 426
	383 96 53 360
	384 93 57 331
66 6
	385 86 33 216
	386 85 16 285
	387 91 19 285
	388 86 24 255
	389 91 36 227
	390 86 22 268
67 6
	391 88 41 251
	392 84 48 209
	393 81 45 219
	394 85 38 248
	395 84 35 267
	396 81 22 312
68 5
	397 92 39 287
	398 85 19 336
	399 90 32 307
	400 93 45 264
	401 86 49 225
69 6
	402 81 26 358
	403 93 52 290
	404 86 56 264
	405 87 49 286
	406 89 37 343
	407 81 41 290
70 4
	408 96 31 235
	409 88 28 230
	410 93 15 295
	411 82 36 183
71 4
	412 89 41 188
	413 96 30 251
	414 81 35 188
	415 81 19 262
72 7
	416 98 16 169
	417 98 18 157
	418 83 21 124
	419 99 11 192
	420 82 23 110
	421 80 13 152
	422 80 20 122
73 8
	423 98 38 326
	424 82 24 340
	425 80 27 319
	426 85 41 277
	427 80 34 277
	428 98 52 270
	429 87 48 260
	430 92 31 333
74 6
	431 85 17 117
	432 99 21 120
	433 99 16 142
	434 84 10 140
	435 85 20 107
	436 84 13 134
75 4
	437 82 38 314
	438 90 49 299
	439 90 23 410
	440 84 53 272
76 6
	441 98 47 285
	442 84 20 339
	443 84 44 251
	444 83 50 217
	445 86 40 268
	446 86 27 329
77 7
	447 88 36 387
	448 90 52 327
	449 98 56 343
	450 88 60 282
	451 82 24 395
	452 81 44 327
	453 91 32 412
78 7
	454 89 57 359
	455 96 31 493
	456 89 39 426
	457 89 53 364
	458 80 62 302
	459 80 66 279
	460 92 44 413
79 8
	461 95 25 131
	462 80 13 153
	463 91 22 138
	464 82 15 146
	465 90 20 139
	466 80 11 158
	467 94 10 187
	468 84 17 143
80 5
	469 87 32 288
	470 84 42 239
	471 98 45 268
	472 82 22 308
	473 90 36 281
81 8
	474 84 20 99
	475 81 10 135
	476 83 8 148
	477 80 14 119
	478 98 15 140
	479 87 17 114
	480 84 18 106
	481 85 12 128
82 6
	482 88 19 346
	483 86 49 225
	484 91 26 330
	485 86 29 304
	486 94 22 349
	487 82 39 241
83 4
	488 92 26 337
	489 87 19 354
	490 86 36 281
	491 95 23 364
84 8
	492 80 39 270
	493 84 53 227
	494 99 35 351
	495 90 49 270
	496 88 21 376
	497 98 28 387
	498 94 24 383
	499 81 46 255
85 5
	500 86 53 354
	501 90 48 399
	502 91 26 483
	503 86 31 443
	504 96 57 377
86 8
	505 81 25 143
	506 90 17 189
	507 95 21 187
	508 92 11 218
	509 90 23 165
	510 80 13 183
	511 86 15 189
	512 95 27 157
87 5
	513 80 54 247
	514 92 42 355
	515 89 23 421
	516 84 50 294
	517 81 46 297
88 4
	518 96 35 456
	519 85 65 285
	520 92 61 333
	521 80 39 368
89 6
	522 90 51 244
	523 84 34 296
	524 85 30 306
	525 81 44 251
	526 88 24 358
	527 96 41 306
90 8
	528 87 64 292
	529 81 42 365
	530 98 47 421
	531 86 51 347
	532 81 34 399
	533 86 38 386
	534 82 55 300
	535 83 60 305
91 4
	536 85 10 90
	537 92 13 84
	538 87 12 86
	539 88 15 71
50 390 0
2